Pi (serial) = 3.141592654053932
T1 = 20.41
Pi (parallel) = 3.1415926540554358
N = 4
Tn = 3.23
R = 6.318885448916409
e = 1.579721362229102