Pi (serial) = 3.141592654053932
T1 = 20.92
Pi (parallel) = 3.141592654055434
N = 4
Tn = 3.64
R = 5.747252747252747
e = 1.436813186813187